1,2110183
2,2110210
3,2110264
4,2110361
5,2110472
6,2100303
7,2100310
8,2110101
9,2110191
10,2110200
11,2110201
12,2110211
13,2110215
14,2110221
15,2110251
16,2110253
17,2110254
18,2110263
19,2110265
20,2110291
21,2110292
22,2110313
23,2110316
24,2110318
25,2110327
26,2110332
27,2110334
28,2110352
29,2110355
30,2110363
31,2110391
32,2110392
33,2110412
34,2110413
35,2110414
36,2110422
37,2110423
38,2110424
39,2110428
40,2110430
41,2110431
42,2110432
43,2110433
44,2110435
45,2110446
46,2110455
47,2110471
48,2110473
49,2110475
50,2110476
51,2110477
52,2110478
53,2110479
54,2110481
55,2110482
56,2110490
57,2110495
58,2110496
59,2110497
60,2110498
61,2110499
62,2110502
63,2110511
64,2110512
65,2110513
66,2110522
67,2110523
68,2110593
69,2110594
70,2110595
71,2110596
72,2110597
73,2110606
74,2110607
75,2110623
76,2110634
77,2110636
78,2110637
79,2110638
80,2110639
81,2110640
82,2110646
83,2110651
84,2110654
85,2110663
86,2110673
87,2110675
88,2110681
89,2110682
90,2110697
91,2110701
92,2110702
93,2110711
94,2110712
95,2110713
96,2110714
97,2110716
98,2110717
99,2110718
100,2110719
101,2110721
102,2110722
103,2110724
104,2110725
105,2110730
106,2110731
107,2110732
108,2110742
109,2110743
110,2110746
111,2110747
112,2110753
113,2110773
114,2110781
115,2110793
116,2110797
117,2110798
118,2110205
119,2110320
120,2110322
121,2110323
122,2110354
123,2110364